213124.015	521472.672	0.000
213124.023	521472.572	0.000
213124.032	521472.472	0.000
213124.040	521472.373	0.000
213124.048	521472.273	0.000
213124.056	521472.173	0.000
213124.064	521472.073	0.000
213124.072	521471.974	0.000
213124.080	521471.874	0.000
213124.088	521471.774	0.000
213124.096	521471.675	0.000
213124.104	521471.575	0.000
213124.112	521471.475	0.000
213124.120	521471.376	0.000
213124.128	521471.276	0.000
213124.136	521471.176	0.000
213124.144	521471.076	0.000
213124.152	521470.977	0.000
213124.161	521470.877	0.000
213124.169	521470.777	0.000
213124.177	521470.678	0.000
213124.185	521470.578	0.000
213124.193	521470.478	0.000
213124.201	521470.378	0.000
213124.209	521470.279	0.000
213124.217	521470.179	0.000
213124.225	521470.079	0.000
213124.233	521469.980	0.000
213124.241	521469.880	0.000
213124.249	521469.780	0.000
213124.257	521469.681	0.000
213124.265	521469.581	0.000
213124.273	521469.481	0.000
213124.281	521469.381	0.000
213124.290	521469.282	0.000
213124.298	521469.182	0.000
213124.306	521469.082	0.000
213124.314	521468.983	0.000
213124.322	521468.883	0.000
213124.330	521468.783	0.000
213124.338	521468.684	0.000
213124.346	521468.584	0.000
213124.354	521468.484	0.000
213124.362	521468.384	0.000
213124.370	521468.285	0.000
213124.378	521468.185	0.000
213124.386	521468.085	0.000
213124.394	521467.986	0.000
213124.402	521467.886	0.000
213124.410	521467.786	0.000
213124.418	521467.687	0.000
213124.427	521467.587	0.000
213124.435	521467.487	0.000
213124.443	521467.387	0.000
213124.451	521467.288	0.000
213124.459	521467.188	0.000
213124.467	521467.088	0.000
213124.475	521466.989	0.000
213124.483	521466.889	0.000
213124.491	521466.789	0.000
213124.499	521466.690	0.000
213124.507	521466.590	0.000
213124.515	521466.490	0.000
213124.523	521466.390	0.000
213124.531	521466.291	0.000
213124.539	521466.191	0.000
213124.547	521466.091	0.000
213124.556	521465.992	0.000
213124.564	521465.892	0.000
213124.572	521465.792	0.000
213124.580	521465.693	0.000
213124.588	521465.593	0.000
213124.596	521465.493	0.000
213124.604	521465.393	0.000
213124.612	521465.294	0.000
213124.620	521465.194	0.000
213124.628	521465.094	0.000
213124.636	521464.995	0.000
213124.644	521464.895	0.000
213124.652	521464.795	0.000
213124.660	521464.695	0.000
213124.668	521464.596	0.000
213124.676	521464.496	0.000
213124.685	521464.396	0.000
213124.693	521464.297	0.000
213124.701	521464.197	0.000
213124.709	521464.097	0.000
213124.717	521463.998	0.000
213124.725	521463.898	0.000
213124.733	521463.798	0.000
213124.741	521463.698	0.000
213124.749	521463.599	0.000
213124.757	521463.499	0.000
213124.765	521463.399	0.000
213124.773	521463.300	0.000
213124.781	521463.200	0.000
213124.789	521463.100	0.000
213124.797	521463.001	0.000
213124.805	521462.901	0.000
213124.814	521462.801	0.000
213124.822	521462.701	0.000
213124.830	521462.602	0.000
213124.838	521462.502	0.000
213124.846	521462.402	0.000
213124.854	521462.303	0.000
213124.862	521462.203	0.000
213124.870	521462.103	0.000
213124.878	521462.004	0.000
213124.886	521461.904	0.000
213124.894	521461.804	0.000
213124.902	521461.704	0.000
213124.910	521461.605	0.000
213124.918	521461.505	0.000
213124.926	521461.405	0.000
213124.934	521461.306	0.000
213124.943	521461.206	0.000
213124.951	521461.106	0.000
213124.959	521461.007	0.000
213124.967	521460.907	0.000
213124.975	521460.807	0.000
213124.983	521460.707	0.000
213124.991	521460.608	0.000
213124.999	521460.508	0.000
213125.007	521460.408	0.000
213125.015	521460.309	0.000
213125.023	521460.209	0.000
213125.031	521460.109	0.000
213125.039	521460.010	0.000
213125.047	521459.910	0.000
213125.055	521459.810	0.000
213125.063	521459.710	0.000
213125.072	521459.611	0.000
213125.080	521459.511	0.000
213125.088	521459.411	0.000
213125.096	521459.312	0.000
213125.104	521459.212	0.000
213125.112	521459.112	0.000
213125.120	521459.012	0.000
213125.128	521458.913	0.000
213125.136	521458.813	0.000
213125.144	521458.713	0.000
213125.152	521458.614	0.000
213125.160	521458.514	0.000
213125.168	521458.414	0.000
213125.176	521458.315	0.000
213125.184	521458.215	0.000
213125.192	521458.115	0.000
213125.200	521458.015	0.000
213125.209	521457.916	0.000
213125.217	521457.816	0.000
213125.225	521457.716	0.000
213125.233	521457.617	0.000
213125.241	521457.517	0.000
213125.249	521457.417	0.000
213125.257	521457.318	0.000
213125.265	521457.218	0.000
213125.273	521457.118	0.000
213125.281	521457.018	0.000
213125.289	521456.919	0.000
213125.297	521456.819	0.000
213125.305	521456.719	0.000
213125.313	521456.620	0.000
213125.321	521456.520	0.000
213125.329	521456.420	0.000
213125.338	521456.321	0.000
213125.346	521456.221	0.000
213125.354	521456.121	0.000
213125.362	521456.021	0.000
213125.370	521455.922	0.000
213125.378	521455.822	0.000
213125.386	521455.722	0.000
213125.394	521455.623	0.000
213125.402	521455.523	0.000
213125.410	521455.423	0.000
213125.418	521455.324	0.000
213125.426	521455.224	0.000
213125.434	521455.124	0.000
213125.442	521455.024	0.000
213125.450	521454.925	0.000
213125.458	521454.825	0.000
213125.467	521454.725	0.000
213125.475	521454.626	0.000
213125.483	521454.526	0.000
213125.491	521454.426	0.000
213125.499	521454.326	0.000
213125.507	521454.227	0.000
213125.515	521454.127	0.000
213125.523	521454.027	0.000
213125.531	521453.928	0.000
213125.539	521453.828	0.000
213125.547	521453.728	0.000
213125.555	521453.629	0.000
213125.563	521453.529	0.000
213125.571	521453.429	0.000
213125.579	521453.329	0.000
213125.587	521453.230	0.000
213125.596	521453.130	0.000
213125.604	521453.030	0.000
213125.612	521452.931	0.000
213125.620	521452.831	0.000
213125.628	521452.731	0.000
213125.636	521452.632	0.000
213125.644	521452.532	0.000
213125.652	521452.432	0.000
213125.660	521452.332	0.000
213125.668	521452.233	0.000
213125.676	521452.133	0.000
213125.684	521452.033	0.000
213125.692	521451.934	0.000
213125.700	521451.834	0.000
213125.708	521451.734	0.000
213125.716	521451.635	0.000
213125.725	521451.535	0.000
213125.733	521451.435	0.000
213125.741	521451.335	0.000
213125.749	521451.236	0.000
213125.757	521451.136	0.000
213125.765	521451.036	0.000
213125.773	521450.937	0.000
213125.781	521450.837	0.000
213125.789	521450.737	0.000
213125.797	521450.638	0.000
213125.805	521450.538	0.000
213125.813	521450.438	0.000
213125.821	521450.338	0.000
213125.829	521450.239	0.000
213125.837	521450.139	0.000
213125.845	521450.039	0.000
213125.854	521449.940	0.000
213125.862	521449.840	0.000
213125.870	521449.740	0.000
213125.878	521449.641	0.000
213125.886	521449.541	0.000
213125.894	521449.441	0.000
213125.902	521449.341	0.000
213125.910	521449.242	0.000
213125.918	521449.142	0.000
213125.926	521449.042	0.000
213125.934	521448.943	0.000
213125.942	521448.843	0.000
213125.950	521448.743	0.000
213125.958	521448.643	0.000
213125.966	521448.544	0.000
213125.974	521448.444	0.000
213125.982	521448.344	0.000
213125.991	521448.245	0.000
213125.999	521448.145	0.000
213126.007	521448.045	0.000
213126.015	521447.946	0.000
213126.023	521447.846	0.000
213126.031	521447.746	0.000
213126.039	521447.646	0.000
213126.047	521447.547	0.000
213126.055	521447.447	0.000
213126.063	521447.347	0.000
213126.071	521447.248	0.000
213126.079	521447.148	0.000
213126.087	521447.048	0.000
213126.095	521446.949	0.000
213126.103	521446.849	0.000
213126.111	521446.749	0.000
213126.120	521446.649	0.000
213126.128	521446.550	0.000
213126.136	521446.450	0.000
213126.144	521446.350	0.000
213126.152	521446.251	0.000
213126.160	521446.151	0.000
213126.168	521446.051	0.000
213126.176	521445.952	0.000
213126.184	521445.852	0.000
213126.192	521445.752	0.000
213126.200	521445.652	0.000
213126.208	521445.553	0.000
213126.216	521445.453	0.000
213126.224	521445.353	0.000
213126.232	521445.254	0.000
213126.240	521445.154	0.000
213126.249	521445.054	0.000
213126.257	521444.955	0.000
213126.265	521444.855	0.000
213126.273	521444.755	0.000
213126.281	521444.655	0.000
213126.289	521444.556	0.000
213126.297	521444.456	0.000
213126.305	521444.356	0.000
213126.313	521444.257	0.000
213126.321	521444.157	0.000
213126.329	521444.057	0.000
213126.337	521443.958	0.000
213126.345	521443.858	0.000
213126.353	521443.758	0.000
213126.361	521443.658	0.000
213126.369	521443.559	0.000
213126.378	521443.459	0.000
213126.386	521443.359	0.000
213126.394	521443.260	0.000
213126.402	521443.160	0.000
213126.410	521443.060	0.000
213126.418	521442.960	0.000
213126.426	521442.861	0.000
213126.434	521442.761	0.000
213126.442	521442.661	0.000
213126.450	521442.562	0.000
213126.458	521442.462	0.000
213126.466	521442.362	0.000
213126.474	521442.263	0.000
213126.482	521442.163	0.000
213126.490	521442.063	0.000
213126.498	521441.963	0.000
213126.507	521441.864	0.000
213126.515	521441.764	0.000
213126.523	521441.664	0.000
213126.531	521441.565	0.000
213126.539	521441.465	0.000
213126.547	521441.365	0.000
213126.555	521441.266	0.000
213126.563	521441.166	0.000
213126.571	521441.066	0.000
213126.579	521440.966	0.000
213126.587	521440.867	0.000
213126.595	521440.767	0.000
213126.603	521440.667	0.000
213126.611	521440.568	0.000
213126.619	521440.468	0.000
213126.627	521440.368	0.000
213126.635	521440.269	0.000
213126.644	521440.169	0.000
213126.652	521440.069	0.000
213126.660	521439.969	0.000
213126.668	521439.870	0.000
213126.676	521439.770	0.000
213126.684	521439.670	0.000
213126.692	521439.571	0.000
213126.700	521439.471	0.000
213126.708	521439.371	0.000
213126.716	521439.272	0.000
213126.724	521439.172	0.000
213126.732	521439.072	0.000
213126.740	521438.972	0.000
213126.748	521438.873	0.000
213126.756	521438.773	0.000
213126.764	521438.673	0.000
213126.773	521438.574	0.000
213126.781	521438.474	0.000
213126.789	521438.374	0.000
213126.797	521438.275	0.000
213126.805	521438.175	0.000
213126.813	521438.075	0.000
213126.821	521437.975	0.000
213126.829	521437.876	0.000
213126.837	521437.776	0.000
213126.845	521437.676	0.000
213126.853	521437.577	0.000
213126.861	521437.477	0.000
213126.869	521437.377	0.000
213126.877	521437.277	0.000
213126.885	521437.178	0.000
213126.893	521437.078	0.000
213126.902	521436.978	0.000
213126.910	521436.879	0.000
213126.918	521436.779	0.000
213126.926	521436.679	0.000
213126.945	521436.581	0.000
213126.965	521436.483	0.000
213126.984	521436.385	0.000
213127.003	521436.287	0.000
213127.023	521436.189	0.000
213127.042	521436.091	0.000
213127.061	521435.993	0.000
213127.081	521435.895	0.000
213127.100	521435.797	0.000
213127.120	521435.699	0.000
213127.139	521435.600	0.000
213127.158	521435.502	0.000
213127.178	521435.404	0.000
213127.197	521435.306	0.000
213127.217	521435.208	0.000
213127.236	521435.110	0.000
213127.255	521435.012	0.000
213127.275	521434.914	0.000
213127.294	521434.816	0.000
213127.314	521434.718	0.000
213127.333	521434.620	0.000
213127.352	521434.522	0.000
213127.372	521434.424	0.000
213127.391	521434.326	0.000
213127.411	521434.228	0.000
213127.430	521434.129	0.000
213127.449	521434.031	0.000
213127.469	521433.933	0.000
213127.488	521433.835	0.000
213127.508	521433.737	0.000
213127.527	521433.639	0.000
213127.546	521433.541	0.000
213127.566	521433.443	0.000
213127.585	521433.345	0.000
213127.605	521433.247	0.000
213127.624	521433.149	0.000
213127.643	521433.051	0.000
213127.663	521432.953	0.000
213127.682	521432.855	0.000
213127.702	521432.756	0.000
213127.721	521432.658	0.000
213127.740	521432.560	0.000
213127.760	521432.462	0.000
213127.779	521432.364	0.000
213127.799	521432.266	0.000
213127.818	521432.168	0.000
213127.837	521432.070	0.000
213127.857	521431.972	0.000
213127.876	521431.874	0.000
213127.896	521431.776	0.000
213127.915	521431.678	0.000
213127.934	521431.580	0.000
213127.954	521431.482	0.000
213127.973	521431.383	0.000
213127.992	521431.285	0.000
213128.012	521431.187	0.000
213128.031	521431.089	0.000
213128.051	521430.991	0.000
213128.070	521430.893	0.000
213128.089	521430.795	0.000
213128.109	521430.697	0.000
213128.128	521430.599	0.000
213128.148	521430.501	0.000
213128.167	521430.403	0.000
213128.186	521430.305	0.000
213128.206	521430.207	0.000
213128.225	521430.109	0.000
213128.245	521430.010	0.000
213128.264	521429.912	0.000
213128.283	521429.814	0.000
213128.303	521429.716	0.000
213128.322	521429.618	0.000
213128.342	521429.520	0.000
213128.361	521429.422	0.000
213128.380	521429.324	0.000
213128.400	521429.226	0.000
213128.419	521429.128	0.000
213128.439	521429.030	0.000
213128.458	521428.932	0.000
213128.477	521428.834	0.000
213128.497	521428.736	0.000
213128.516	521428.637	0.000
213128.536	521428.539	0.000
213128.555	521428.441	0.000
213128.574	521428.343	0.000
213128.594	521428.245	0.000
213128.613	521428.147	0.000
213128.633	521428.049	0.000
213128.652	521427.951	0.000
213128.671	521427.853	0.000
213128.691	521427.755	0.000
213128.710	521427.657	0.000
213128.730	521427.559	0.000
213128.749	521427.461	0.000
213128.768	521427.363	0.000
213128.788	521427.264	0.000
213128.807	521427.166	0.000
213128.827	521427.068	0.000
213128.846	521426.970	0.000
213128.865	521426.872	0.000
213128.885	521426.774	0.000
213128.904	521426.676	0.000
213128.923	521426.578	0.000
213128.943	521426.480	0.000
213128.962	521426.382	0.000
213128.982	521426.284	0.000
213129.001	521426.186	0.000
213129.020	521426.088	0.000
213129.040	521425.990	0.000
213129.059	521425.891	0.000
213129.079	521425.793	0.000
213129.098	521425.695	0.000
213129.117	521425.597	0.000
213129.137	521425.499	0.000
213129.156	521425.401	0.000
213129.176	521425.303	0.000
213129.195	521425.205	0.000
213129.214	521425.107	0.000
213129.234	521425.009	0.000
213129.253	521424.911	0.000
213129.273	521424.813	0.000
213129.292	521424.715	0.000
213129.311	521424.617	0.000
213129.331	521424.518	0.000
213129.350	521424.420	0.000
213129.370	521424.322	0.000
213129.389	521424.224	0.000
213129.408	521424.126	0.000
213129.428	521424.028	0.000
213129.447	521423.930	0.000
213129.467	521423.832	0.000
213129.486	521423.734	0.000
213129.505	521423.636	0.000
213129.525	521423.538	0.000
213129.544	521423.440	0.000
213129.564	521423.342	0.000
213129.583	521423.244	0.000
213129.602	521423.145	0.000
213129.622	521423.047	0.000
213129.641	521422.949	0.000
213129.661	521422.851	0.000
213129.680	521422.753	0.000
213129.699	521422.655	0.000
213129.719	521422.557	0.000
213129.738	521422.459	0.000
213129.758	521422.361	0.000
213129.777	521422.263	0.000
213129.796	521422.165	0.000
213129.816	521422.067	0.000
213129.835	521421.969	0.000
213129.854	521421.871	0.000
213129.874	521421.772	0.000
213129.893	521421.674	0.000
213129.913	521421.576	0.000
213129.932	521421.478	0.000
213129.951	521421.380	0.000
213129.971	521421.282	0.000
213129.990	521421.184	0.000
213130.010	521421.086	0.000
213130.029	521420.988	0.000
213130.048	521420.890	0.000
213130.068	521420.792	0.000
213130.087	521420.694	0.000
213130.107	521420.596	0.000
213130.126	521420.498	0.000
213130.145	521420.399	0.000
213130.165	521420.301	0.000
213130.184	521420.203	0.000
213130.204	521420.105	0.000
213130.223	521420.007	0.000
213130.242	521419.909	0.000
213130.262	521419.811	0.000
213130.281	521419.713	0.000
213130.301	521419.615	0.000
213130.320	521419.517	0.000
213130.339	521419.419	0.000
213130.359	521419.321	0.000
213130.378	521419.223	0.000
213130.398	521419.125	0.000
213130.417	521419.026	0.000
213130.436	521418.928	0.000
213130.456	521418.830	0.000
213130.475	521418.732	0.000
213130.495	521418.634	0.000
213130.514	521418.536	0.000
213130.533	521418.438	0.000
213130.553	521418.340	0.000
213130.572	521418.242	0.000
213130.592	521418.144	0.000
213130.611	521418.046	0.000
213130.630	521417.948	0.000
213130.650	521417.850	0.000
213130.669	521417.752	0.000
213130.689	521417.653	0.000
213130.708	521417.555	0.000
213130.727	521417.457	0.000
213130.747	521417.359	0.000
213130.766	521417.261	0.000
213130.785	521417.163	0.000
213130.805	521417.065	0.000
213130.824	521416.967	0.000
213130.844	521416.869	0.000
213130.863	521416.771	0.000
213130.882	521416.673	0.000
213130.902	521416.575	0.000
213130.921	521416.477	0.000
213130.941	521416.379	0.000
213130.960	521416.280	0.000
213130.979	521416.182	0.000
213130.999	521416.084	0.000
213131.018	521415.986	0.000
213131.038	521415.888	0.000
213131.057	521415.790	0.000
213131.076	521415.692	0.000
213131.096	521415.594	0.000
213131.115	521415.496	0.000
213131.135	521415.398	0.000
213131.154	521415.300	0.000
213131.173	521415.202	0.000
213131.193	521415.104	0.000
213131.212	521415.006	0.000
213131.232	521414.907	0.000
213131.251	521414.809	0.000
213131.270	521414.711	0.000
213131.290	521414.613	0.000
213131.309	521414.515	0.000
213131.329	521414.417	0.000
213131.348	521414.319	0.000
213131.367	521414.221	0.000
213131.387	521414.123	0.000
213131.406	521414.025	0.000
213131.426	521413.927	0.000
213131.445	521413.829	0.000
213131.464	521413.731	0.000
213131.484	521413.633	0.000
213131.503	521413.534	0.000
213131.523	521413.436	0.000
213131.542	521413.338	0.000
213131.561	521413.240	0.000
213131.581	521413.142	0.000
213131.600	521413.044	0.000
213131.620	521412.946	0.000
213131.639	521412.848	0.000
213131.658	521412.750	0.000
213131.678	521412.652	0.000
213131.697	521412.554	0.000
213131.716	521412.456	0.000
213131.736	521412.358	0.000
213131.755	521412.260	0.000
213131.775	521412.162	0.000
213131.794	521412.063	0.000
213131.813	521411.965	0.000
213131.833	521411.867	0.000
213131.852	521411.769	0.000
213131.872	521411.671	0.000
213131.891	521411.573	0.000
213131.910	521411.475	0.000
213131.930	521411.377	0.000
213131.949	521411.279	0.000
213131.969	521411.181	0.000
213131.988	521411.083	0.000
213132.007	521410.985	0.000
213132.027	521410.887	0.000
213132.046	521410.789	0.000
213132.066	521410.690	0.000
213132.085	521410.592	0.000
213132.104	521410.494	0.000
213132.124	521410.396	0.000
213132.143	521410.298	0.000
213132.163	521410.200	0.000
213132.182	521410.102	0.000
213132.201	521410.004	0.000
213132.221	521409.906	0.000
213132.240	521409.808	0.000
213132.260	521409.710	0.000
213132.279	521409.612	0.000
213132.298	521409.514	0.000
213132.318	521409.416	0.000
213132.337	521409.317	0.000
213132.357	521409.219	0.000
213132.376	521409.121	0.000
213132.395	521409.023	0.000
213132.415	521408.925	0.000
213132.434	521408.827	0.000
213132.454	521408.729	0.000
213132.473	521408.631	0.000
213132.492	521408.533	0.000
213132.512	521408.435	0.000
213132.531	521408.337	0.000
213132.550	521408.239	0.000
213132.570	521408.141	0.000
213132.589	521408.043	0.000
213132.609	521407.944	0.000
213132.628	521407.846	0.000
213132.647	521407.748	0.000
213132.667	521407.650	0.000
213132.686	521407.552	0.000
213132.706	521407.454	0.000
213132.725	521407.356	0.000
213132.744	521407.258	0.000
213132.764	521407.160	0.000
213132.783	521407.062	0.000
213132.803	521406.964	0.000
213132.822	521406.866	0.000
213132.841	521406.768	0.000
213132.861	521406.670	0.000
213132.880	521406.571	0.000
213132.900	521406.473	0.000
213132.919	521406.375	0.000
213132.938	521406.277	0.000
213132.958	521406.179	0.000
213132.977	521406.081	0.000
213132.997	521405.983	0.000
213133.016	521405.885	0.000
213133.035	521405.787	0.000
213133.055	521405.689	0.000
213133.074	521405.591	0.000
213133.094	521405.493	0.000
213133.113	521405.395	0.000
213133.132	521405.297	0.000
213133.152	521405.198	0.000
213133.171	521405.100	0.000
213133.191	521405.002	0.000
213133.210	521404.904	0.000
213133.229	521404.806	0.000
213133.249	521404.708	0.000
213133.268	521404.610	0.000
213133.288	521404.512	0.000
213133.307	521404.414	0.000
213133.326	521404.316	0.000
213133.346	521404.218	0.000
213133.365	521404.120	0.000
213133.385	521404.022	0.000
213133.404	521403.924	0.000
213133.423	521403.825	0.000
213133.443	521403.727	0.000
213133.462	521403.629	0.000
213133.481	521403.531	0.000
213133.501	521403.433	0.000
213133.520	521403.335	0.000
213133.540	521403.237	0.000
213133.559	521403.139	0.000
213133.578	521403.041	0.000
213133.598	521402.943	0.000
213133.617	521402.845	0.000
213133.637	521402.747	0.000
213133.656	521402.649	0.000
213133.675	521402.551	0.000
213133.695	521402.452	0.000
213133.714	521402.354	0.000
213133.734	521402.256	0.000
213133.753	521402.158	0.000
213133.772	521402.060	0.000
213133.792	521401.962	0.000
213133.811	521401.864	0.000
213133.831	521401.766	0.000
213133.850	521401.668	0.000
213133.869	521401.570	0.000
213133.889	521401.472	0.000
213133.908	521401.374	0.000
213133.928	521401.276	0.000
213133.947	521401.178	0.000
213133.966	521401.079	0.000
213133.986	521400.981	0.000
213134.005	521400.883	0.000
213134.025	521400.785	0.000
213134.044	521400.687	0.000
213134.063	521400.589	0.000
213134.083	521400.491	0.000
213134.102	521400.393	0.000
213134.122	521400.295	0.000
213134.141	521400.197	0.000
213134.160	521400.099	0.000
213134.180	521400.001	0.000
213134.199	521399.903	0.000
213134.219	521399.805	0.000
213134.238	521399.706	0.000
213134.257	521399.608	0.000
213134.277	521399.510	0.000
213134.296	521399.412	0.000
213134.316	521399.314	0.000
213134.335	521399.216	0.000
213134.354	521399.118	0.000
213134.374	521399.020	0.000
213134.393	521398.922	0.000
213134.412	521398.824	0.000
213134.432	521398.726	0.000
213134.451	521398.628	0.000
213134.471	521398.530	0.000
213134.490	521398.432	0.000
213134.509	521398.333	0.000
213134.529	521398.235	0.000
213134.548	521398.137	0.000
213134.568	521398.039	0.000
213134.587	521397.941	0.000
213134.606	521397.843	0.000
213134.626	521397.745	0.000
213134.645	521397.647	0.000
213134.665	521397.549	0.000
213134.684	521397.451	0.000
213134.703	521397.353	0.000
213134.723	521397.255	0.000
213134.742	521397.157	0.000
213134.762	521397.059	0.000
213134.781	521396.960	0.000
213134.800	521396.862	0.000
213134.820	521396.764	0.000
213134.839	521396.666	0.000
213134.859	521396.568	0.000
213134.878	521396.470	0.000
213134.897	521396.372	0.000
213134.917	521396.274	0.000
213134.936	521396.176	0.000
213134.956	521396.078	0.000
213134.975	521395.980	0.000
213134.994	521395.882	0.000
213135.014	521395.784	0.000
213135.033	521395.686	0.000
213135.053	521395.587	0.000
213135.072	521395.489	0.000
213135.091	521395.391	0.000
213135.111	521395.293	0.000
213135.130	521395.195	0.000
213135.150	521395.097	0.000
213135.169	521394.999	0.000
213135.188	521394.901	0.000
213135.208	521394.803	0.000
213135.227	521394.705	0.000
213135.247	521394.607	0.000
213135.266	521394.509	0.000
213135.285	521394.411	0.000
213135.305	521394.313	0.000
213135.324	521394.214	0.000
213135.343	521394.116	0.000
213135.363	521394.018	0.000
213135.382	521393.920	0.000
213135.402	521393.822	0.000
213135.421	521393.724	0.000
213135.440	521393.626	0.000
213135.460	521393.528	0.000
213135.479	521393.430	0.000
213135.499	521393.332	0.000
213135.518	521393.234	0.000
213135.537	521393.136	0.000
213135.557	521393.038	0.000
213135.576	521392.940	0.000
213135.596	521392.841	0.000
213135.615	521392.743	0.000
213135.634	521392.645	0.000
213135.654	521392.547	0.000
213135.673	521392.449	0.000
213135.693	521392.351	0.000
213135.712	521392.253	0.000
213135.731	521392.155	0.000
213135.751	521392.057	0.000
213135.770	521391.959	0.000
213135.790	521391.861	0.000
213135.809	521391.763	0.000
213135.828	521391.665	0.000
213135.848	521391.567	0.000
213135.867	521391.468	0.000
213135.887	521391.370	0.000
213135.906	521391.272	0.000
213135.925	521391.174	0.000
213135.945	521391.076	0.000
213135.964	521390.978	0.000
213135.984	521390.880	0.000
213136.003	521390.782	0.000
213136.022	521390.684	0.000
213136.042	521390.586	0.000
213136.061	521390.488	0.000
213136.081	521390.390	0.000
213136.100	521390.292	0.000
213136.119	521390.194	0.000
213136.139	521390.096	0.000
213136.158	521389.997	0.000
213136.178	521389.899	0.000
213136.197	521389.801	0.000
213136.216	521389.703	0.000
213136.236	521389.605	0.000
213136.255	521389.507	0.000
213136.274	521389.409	0.000
213136.294	521389.311	0.000
213136.313	521389.213	0.000
213136.333	521389.115	0.000
213136.352	521389.017	0.000
213136.371	521388.919	0.000
213136.391	521388.821	0.000
213136.410	521388.723	0.000
213136.430	521388.624	0.000
213136.449	521388.526	0.000
213136.468	521388.428	0.000
213136.488	521388.330	0.000
213136.507	521388.232	0.000
213136.527	521388.134	0.000
213136.546	521388.036	0.000
213136.565	521387.938	0.000
213136.585	521387.840	0.000
213136.604	521387.742	0.000
213136.624	521387.644	0.000
213136.643	521387.546	0.000
213136.662	521387.448	0.000
213136.682	521387.350	0.000
213136.701	521387.251	0.000
213136.721	521387.153	0.000
213136.740	521387.055	0.000
213136.759	521386.957	0.000
213136.779	521386.859	0.000
213136.798	521386.761	0.000
213136.818	521386.663	0.000
213136.837	521386.565	0.000
213136.856	521386.467	0.000
213136.876	521386.369	0.000
213136.895	521386.271	0.000
213136.915	521386.173	0.000
213136.934	521386.075	0.000
213136.953	521385.977	0.000
213136.973	521385.878	0.000
213136.992	521385.780	0.000
213137.012	521385.682	0.000
213137.031	521385.584	0.000
213137.050	521385.486	0.000
213137.070	521385.388	0.000
213137.089	521385.290	0.000
213137.109	521385.192	0.000
213137.128	521385.094	0.000
213137.147	521384.996	0.000
213137.167	521384.898	0.000
213137.186	521384.800	0.000
213137.205	521384.702	0.000
213137.225	521384.604	0.000
213137.244	521384.505	0.000
213137.264	521384.407	0.000
213137.283	521384.309	0.000
213137.302	521384.211	0.000
213137.322	521384.113	0.000
213137.341	521384.015	0.000
213137.361	521383.917	0.000
213137.380	521383.819	0.000
213137.399	521383.721	0.000
213137.419	521383.623	0.000
213137.438	521383.525	0.000
213137.458	521383.427	0.000
213137.477	521383.329	0.000
213137.496	521383.231	0.000
213137.516	521383.132	0.000
213137.535	521383.034	0.000
213137.555	521382.936	0.000
213137.574	521382.838	0.000
213137.593	521382.740	0.000
213137.613	521382.642	0.000
213137.632	521382.544	0.000
213137.652	521382.446	0.000
213137.671	521382.348	0.000
213137.690	521382.250	0.000
213137.710	521382.152	0.000
213137.729	521382.054	0.000
213137.749	521381.956	0.000
213137.768	521381.858	0.000
213137.787	521381.759	0.000
213137.807	521381.661	0.000
213137.826	521381.563	0.000
213137.846	521381.465	0.000
213137.865	521381.367	0.000
213137.884	521381.269	0.000
213137.904	521381.171	0.000
213137.923	521381.073	0.000
213137.943	521380.975	0.000
213137.962	521380.877	0.000
213137.981	521380.779	0.000
213138.001	521380.681	0.000
213138.020	521380.583	0.000
213138.040	521380.485	0.000
213138.059	521380.386	0.000
213138.078	521380.288	0.000
213138.098	521380.190	0.000
213138.117	521380.092	0.000
213138.136	521379.994	0.000
213138.156	521379.896	0.000
213138.175	521379.798	0.000
213138.195	521379.700	0.000
213138.214	521379.602	0.000
213138.233	521379.504	0.000
213138.253	521379.406	0.000
213138.272	521379.308	0.000
213138.292	521379.210	0.000
213138.311	521379.112	0.000
213138.330	521379.013	0.000
213138.350	521378.915	0.000
213138.369	521378.817	0.000
213138.389	521378.719	0.000
213138.408	521378.621	0.000
213138.427	521378.523	0.000
213138.447	521378.425	0.000
213138.466	521378.327	0.000
213138.486	521378.229	0.000
213138.505	521378.131	0.000
213138.524	521378.033	0.000
213138.544	521377.935	0.000
213138.563	521377.837	0.000
213138.583	521377.739	0.000
213138.602	521377.640	0.000
213138.621	521377.542	0.000
213138.641	521377.444	0.000
213138.660	521377.346	0.000
213138.680	521377.248	0.000
213138.699	521377.150	0.000
213138.718	521377.052	0.000
213138.738	521376.954	0.000
213138.757	521376.856	0.000
213138.777	521376.758	0.000
213138.796	521376.660	0.000
213138.815	521376.562	0.000
213138.835	521376.464	0.000
213138.854	521376.366	0.000
213138.874	521376.267	0.000
213138.893	521376.169	0.000
213138.912	521376.071	0.000
213138.929	521375.973	0.000
213138.946	521375.874	0.000
213138.963	521375.776	0.000
213138.980	521375.677	0.000
213138.997	521375.579	0.000
213139.014	521375.480	0.000
213139.031	521375.382	0.000
213139.048	521375.283	0.000
213139.065	521375.184	0.000
213139.082	521375.086	0.000
213139.099	521374.987	0.000
213139.116	521374.889	0.000
213139.133	521374.790	0.000
213139.150	521374.692	0.000
213139.167	521374.593	0.000
213139.184	521374.495	0.000
213139.201	521374.396	0.000
213139.218	521374.297	0.000
213139.235	521374.199	0.000
213139.252	521374.100	0.000
213139.269	521374.002	0.000
213139.286	521373.903	0.000
213139.303	521373.805	0.000
213139.319	521373.706	0.000
213139.336	521373.608	0.000
213139.353	521373.509	0.000
213139.370	521373.411	0.000
213139.387	521373.312	0.000
213139.404	521373.213	0.000
213139.421	521373.115	0.000
213139.438	521373.016	0.000
213139.455	521372.918	0.000
213139.472	521372.819	0.000
213139.489	521372.721	0.000
213139.506	521372.622	0.000
213139.523	521372.524	0.000
213139.540	521372.425	0.000
213139.557	521372.327	0.000
213139.574	521372.228	0.000
213139.591	521372.129	0.000
213139.608	521372.031	0.000
213139.625	521371.932	0.000
213139.642	521371.834	0.000
213139.659	521371.735	0.000
213139.676	521371.637	0.000
213139.693	521371.538	0.000
213139.710	521371.440	0.000
213139.727	521371.341	0.000
213139.744	521371.243	0.000
213139.761	521371.144	0.000
213139.778	521371.045	0.000
213139.794	521370.947	0.000
213139.811	521370.848	0.000
213139.828	521370.750	0.000
213139.845	521370.651	0.000
213139.862	521370.553	0.000
213139.879	521370.454	0.000
213139.896	521370.356	0.000
213139.913	521370.257	0.000
213139.930	521370.159	0.000
213139.947	521370.060	0.000
213139.964	521369.961	0.000
213139.981	521369.863	0.000
213139.998	521369.764	0.000
213140.015	521369.666	0.000
213140.032	521369.567	0.000
213140.049	521369.469	0.000
213140.066	521369.370	0.000
213140.083	521369.272	0.000
213140.100	521369.173	0.000
213140.117	521369.074	0.000
213140.134	521368.976	0.000
213140.151	521368.877	0.000
213140.168	521368.779	0.000
213140.185	521368.680	0.000
213140.202	521368.582	0.000
213140.219	521368.483	0.000
213140.236	521368.385	0.000
213140.253	521368.286	0.000
213140.269	521368.188	0.000
213140.286	521368.089	0.000
213140.303	521367.990	0.000
213140.320	521367.892	0.000
213140.337	521367.793	0.000
213140.354	521367.695	0.000
213140.371	521367.596	0.000
213140.388	521367.498	0.000
213140.405	521367.399	0.000
213140.422	521367.301	0.000
213140.439	521367.202	0.000
213140.456	521367.104	0.000
213140.473	521367.005	0.000
213140.490	521366.906	0.000
213140.507	521366.808	0.000
213140.524	521366.709	0.000
213140.541	521366.611	0.000
213140.558	521366.512	0.000
213140.575	521366.414	0.000
213140.592	521366.315	0.000
213140.609	521366.217	0.000
213140.626	521366.118	0.000
213140.643	521366.020	0.000
213140.660	521365.921	0.000
213140.677	521365.822	0.000
213140.694	521365.724	0.000
213140.711	521365.625	0.000
213140.728	521365.527	0.000
213140.745	521365.428	0.000
213140.761	521365.330	0.000
213140.778	521365.231	0.000
213140.795	521365.133	0.000
213140.812	521365.034	0.000
213140.829	521364.936	0.000
213140.846	521364.837	0.000
213140.863	521364.738	0.000
213140.880	521364.640	0.000
213140.897	521364.541	0.000
213140.914	521364.443	0.000
213140.931	521364.344	0.000
213140.948	521364.246	0.000
213140.965	521364.147	0.000
213140.982	521364.049	0.000
213140.999	521363.950	0.000
213141.016	521363.851	0.000
213141.033	521363.753	0.000
213141.050	521363.654	0.000
213141.067	521363.556	0.000
213141.084	521363.457	0.000
213141.101	521363.359	0.000
213141.118	521363.260	0.000
213141.135	521363.162	0.000
213141.152	521363.063	0.000
213141.169	521362.965	0.000
213141.186	521362.866	0.000
213141.203	521362.767	0.000
213141.220	521362.669	0.000
213141.236	521362.570	0.000
213141.253	521362.472	0.000
213141.270	521362.373	0.000
213141.287	521362.275	0.000
213141.304	521362.176	0.000
213141.321	521362.078	0.000
213141.338	521361.979	0.000
213141.355	521361.881	0.000
213141.372	521361.782	0.000
213141.389	521361.683	0.000
213141.406	521361.585	0.000
213141.423	521361.486	0.000
213141.440	521361.388	0.000
213141.457	521361.289	0.000
213141.474	521361.191	0.000
213141.491	521361.092	0.000
213141.508	521360.994	0.000
213141.525	521360.895	0.000
213141.542	521360.797	0.000
213141.559	521360.698	0.000
213141.576	521360.599	0.000
213141.593	521360.501	0.000
213141.610	521360.402	0.000
213141.627	521360.304	0.000
213141.644	521360.205	0.000
213141.661	521360.107	0.000
213141.678	521360.008	0.000
213141.695	521359.910	0.000
213141.712	521359.811	0.000
213141.728	521359.713	0.000
213141.745	521359.614	0.000
213141.762	521359.515	0.000
213141.779	521359.417	0.000
213141.796	521359.318	0.000
213141.813	521359.220	0.000
213141.830	521359.121	0.000
213141.847	521359.023	0.000
213141.864	521358.924	0.000
213141.881	521358.826	0.000
213141.898	521358.727	0.000
213141.915	521358.628	0.000
213141.932	521358.530	0.000
213141.949	521358.431	0.000
213141.966	521358.333	0.000
213141.983	521358.234	0.000
213142.000	521358.136	0.000
213142.017	521358.037	0.000
213142.034	521357.939	0.000
213142.051	521357.840	0.000
213142.068	521357.742	0.000
213142.085	521357.643	0.000
213142.102	521357.544	0.000
213142.119	521357.446	0.000
213142.136	521357.347	0.000
213142.153	521357.249	0.000
213142.170	521357.150	0.000
213142.187	521357.052	0.000
213142.203	521356.953	0.000
213142.220	521356.855	0.000
213142.237	521356.756	0.000
213142.254	521356.658	0.000
213142.271	521356.559	0.000
213142.288	521356.460	0.000
213142.305	521356.362	0.000
213142.322	521356.263	0.000
213142.339	521356.165	0.000
213142.356	521356.066	0.000
213142.373	521355.968	0.000
213142.390	521355.869	0.000
213142.407	521355.771	0.000
213142.424	521355.672	0.000
213142.441	521355.574	0.000
213142.458	521355.475	0.000
213142.475	521355.376	0.000
213142.492	521355.278	0.000
213142.509	521355.179	0.000
213142.526	521355.081	0.000
213142.543	521354.982	0.000
213142.560	521354.884	0.000
213142.577	521354.785	0.000
213142.594	521354.687	0.000
213142.611	521354.588	0.000
213142.628	521354.490	0.000
213142.645	521354.391	0.000
213142.662	521354.292	0.000
213142.679	521354.194	0.000
213142.695	521354.095	0.000
213142.712	521353.997	0.000
213142.729	521353.898	0.000
213142.746	521353.800	0.000
213142.763	521353.701	0.000
213142.780	521353.603	0.000
213142.797	521353.504	0.000
213142.814	521353.405	0.000
213142.831	521353.307	0.000
213142.848	521353.208	0.000
213142.865	521353.110	0.000
213142.882	521353.011	0.000
213142.899	521352.913	0.000
213142.916	521352.814	0.000
213142.933	521352.716	0.000
213142.950	521352.617	0.000
213142.967	521352.519	0.000
213142.984	521352.420	0.000
213143.001	521352.321	0.000
213143.018	521352.223	0.000
213143.035	521352.124	0.000
213143.052	521352.026	0.000
213143.069	521351.927	0.000
213143.086	521351.829	0.000
213143.103	521351.730	0.000
213143.120	521351.632	0.000
213143.137	521351.533	0.000
213143.154	521351.435	0.000
213143.170	521351.336	0.000
213143.187	521351.237	0.000
213143.204	521351.139	0.000
213143.221	521351.040	0.000
213143.238	521350.942	0.000
213143.255	521350.843	0.000
213143.272	521350.745	0.000
213143.289	521350.646	0.000
213143.306	521350.548	0.000
213143.323	521350.449	0.000
213143.340	521350.351	0.000
213143.357	521350.252	0.000
213143.374	521350.153	0.000
213143.391	521350.055	0.000
213143.408	521349.956	0.000
213143.425	521349.858	0.000
213143.442	521349.759	0.000
213143.459	521349.661	0.000
213143.476	521349.562	0.000
213143.493	521349.464	0.000
213143.510	521349.365	0.000
213143.527	521349.267	0.000
213143.544	521349.168	0.000
213143.561	521349.069	0.000
213143.578	521348.971	0.000
213143.595	521348.872	0.000
213143.612	521348.774	0.000
213143.629	521348.675	0.000
213143.646	521348.577	0.000
213143.662	521348.478	0.000
213143.679	521348.380	0.000
213143.696	521348.281	0.000
213143.713	521348.182	0.000
213143.730	521348.084	0.000
213143.747	521347.985	0.000
213143.764	521347.887	0.000
213143.781	521347.788	0.000
213143.798	521347.690	0.000
213143.815	521347.591	0.000
213143.832	521347.493	0.000
213143.849	521347.394	0.000
213143.866	521347.296	0.000
213143.883	521347.197	0.000
213143.900	521347.098	0.000
213143.917	521347.000	0.000
213143.934	521346.901	0.000
213143.951	521346.803	0.000
213143.968	521346.704	0.000
213143.985	521346.606	0.000
213144.002	521346.507	0.000
213144.019	521346.409	0.000
213144.036	521346.310	0.000
213144.053	521346.212	0.000
213144.070	521346.113	0.000
213144.087	521346.014	0.000
213144.104	521345.916	0.000
213144.121	521345.817	0.000
213144.137	521345.719	0.000
213144.154	521345.620	0.000
213144.171	521345.522	0.000
213144.188	521345.423	0.000
213144.205	521345.325	0.000
213144.222	521345.226	0.000
213144.239	521345.128	0.000
213144.256	521345.029	0.000
213144.273	521344.930	0.000
213144.290	521344.832	0.000
213144.307	521344.733	0.000
213144.324	521344.635	0.000
213144.341	521344.536	0.000
213144.358	521344.438	0.000
213144.375	521344.339	0.000
213144.392	521344.241	0.000
213144.409	521344.142	0.000
213144.426	521344.044	0.000
213144.443	521343.945	0.000
213144.460	521343.846	0.000
213144.477	521343.748	0.000
213144.494	521343.649	0.000
213144.511	521343.551	0.000
213144.528	521343.452	0.000
213144.545	521343.354	0.000
213144.562	521343.255	0.000
213144.579	521343.157	0.000
213144.596	521343.058	0.000
213144.612	521342.959	0.000
213144.629	521342.861	0.000
213144.646	521342.762	0.000
213144.663	521342.664	0.000
213144.680	521342.565	0.000
213144.697	521342.467	0.000
213144.714	521342.368	0.000
213144.731	521342.270	0.000
213144.748	521342.171	0.000
213144.765	521342.073	0.000
213144.782	521341.974	0.000
213144.799	521341.875	0.000
213144.816	521341.777	0.000
213144.833	521341.678	0.000
213144.850	521341.580	0.000
213144.867	521341.481	0.000
213144.884	521341.383	0.000
213144.901	521341.284	0.000
213144.918	521341.186	0.000
213144.935	521341.087	0.000
213144.952	521340.989	0.000
213144.969	521340.890	0.000
213144.986	521340.791	0.000
213145.003	521340.693	0.000
213145.020	521340.594	0.000
213145.037	521340.496	0.000
213145.054	521340.397	0.000
213145.071	521340.299	0.000
213145.088	521340.200	0.000
213145.104	521340.102	0.000
213145.121	521340.003	0.000
213145.138	521339.905	0.000
213145.155	521339.806	0.000
213145.172	521339.707	0.000
213145.189	521339.609	0.000
213145.206	521339.510	0.000
213145.223	521339.412	0.000
213145.240	521339.313	0.000
213145.257	521339.215	0.000
213145.274	521339.116	0.000
213145.291	521339.018	0.000
213145.308	521338.919	0.000
213145.325	521338.821	0.000
213145.342	521338.722	0.000
213145.359	521338.623	0.000
213145.376	521338.525	0.000
213145.393	521338.426	0.000
213145.410	521338.328	0.000
213145.427	521338.229	0.000
213145.444	521338.131	0.000
213145.461	521338.032	0.000
213145.478	521337.934	0.000
213145.495	521337.835	0.000
213145.512	521337.736	0.000
213145.529	521337.638	0.000
213145.546	521337.539	0.000
213145.563	521337.441	0.000
213145.579	521337.342	0.000
213145.596	521337.244	0.000
213145.613	521337.145	0.000
213145.630	521337.047	0.000
213145.647	521336.948	0.000
213145.664	521336.850	0.000
213145.681	521336.751	0.000
213145.698	521336.652	0.000
213145.715	521336.554	0.000
213145.732	521336.455	0.000
213145.749	521336.357	0.000
213145.766	521336.258	0.000
213145.783	521336.160	0.000
213145.800	521336.061	0.000
213145.817	521335.963	0.000
213145.834	521335.864	0.000
213145.851	521335.766	0.000
213145.868	521335.667	0.000
213145.885	521335.568	0.000
213145.902	521335.470	0.000
213145.919	521335.371	0.000
213145.936	521335.273	0.000
213145.953	521335.174	0.000
213145.970	521335.076	0.000
213145.987	521334.977	0.000
213146.004	521334.879	0.000
213146.021	521334.780	0.000
213146.038	521334.682	0.000
213146.055	521334.583	0.000
213146.071	521334.484	0.000
213146.088	521334.386	0.000
213146.105	521334.287	0.000
213146.122	521334.189	0.000
213146.139	521334.090	0.000
213146.156	521333.992	0.000
213146.173	521333.893	0.000
213146.190	521333.795	0.000
213146.207	521333.696	0.000
213146.224	521333.598	0.000
213146.241	521333.499	0.000
213146.258	521333.400	0.000
213146.275	521333.302	0.000
213146.292	521333.203	0.000
213146.309	521333.105	0.000
213146.326	521333.006	0.000
213146.343	521332.908	0.000
213146.360	521332.809	0.000
213146.377	521332.711	0.000
213146.394	521332.612	0.000
213146.411	521332.513	0.000
213146.428	521332.415	0.000
213146.445	521332.316	0.000
213146.462	521332.218	0.000
213146.479	521332.119	0.000
213146.496	521332.021	0.000
213146.513	521331.922	0.000
213146.530	521331.824	0.000
213146.546	521331.725	0.000
213146.563	521331.627	0.000
213146.580	521331.528	0.000
213146.597	521331.429	0.000
213146.614	521331.331	0.000
213146.631	521331.232	0.000
213146.648	521331.134	0.000
213146.665	521331.035	0.000
213146.682	521330.937	0.000
213146.699	521330.838	0.000
213146.716	521330.740	0.000
213146.733	521330.641	0.000
213146.750	521330.543	0.000
213146.767	521330.444	0.000
213146.784	521330.345	0.000
213146.801	521330.247	0.000
213146.818	521330.148	0.000
213146.835	521330.050	0.000
213146.852	521329.951	0.000
213146.869	521329.853	0.000
213146.886	521329.754	0.000
213146.903	521329.656	0.000
213146.920	521329.557	0.000
213146.937	521329.459	0.000
213146.954	521329.360	0.000
213146.971	521329.261	0.000
213146.988	521329.163	0.000
213147.005	521329.064	0.000
213147.022	521328.966	0.000
213147.038	521328.867	0.000
213147.055	521328.769	0.000
213147.072	521328.670	0.000
213147.089	521328.572	0.000
213147.106	521328.473	0.000
213147.123	521328.375	0.000
213147.140	521328.276	0.000
213147.157	521328.177	0.000
213147.174	521328.079	0.000
213147.191	521327.980	0.000
213147.208	521327.882	0.000
213147.225	521327.783	0.000
213147.242	521327.685	0.000
213147.259	521327.586	0.000
213147.276	521327.488	0.000
213147.293	521327.389	0.000
213147.310	521327.290	0.000
213147.327	521327.192	0.000
213147.344	521327.093	0.000
213147.361	521326.995	0.000
213147.378	521326.896	0.000
213147.395	521326.798	0.000
213147.412	521326.699	0.000
213147.429	521326.601	0.000
213147.446	521326.502	0.000
213147.463	521326.404	0.000
213147.480	521326.305	0.000
213147.497	521326.206	0.000
213147.513	521326.108	0.000
213147.530	521326.009	0.000
213147.547	521325.911	0.000
213147.564	521325.812	0.000
213147.581	521325.714	0.000
213147.598	521325.615	0.000
213147.615	521325.517	0.000
213147.632	521325.418	0.000
213147.649	521325.320	0.000
213147.666	521325.221	0.000
213147.683	521325.122	0.000
213147.700	521325.024	0.000
213147.717	521324.925	0.000
213147.734	521324.827	0.000
213147.751	521324.728	0.000
213147.768	521324.630	0.000
213147.785	521324.531	0.000
213147.802	521324.433	0.000
213147.819	521324.334	0.000
213147.836	521324.236	0.000
213147.853	521324.137	0.000
213147.870	521324.038	0.000
213147.887	521323.940	0.000
213147.904	521323.841	0.000
213147.921	521323.743	0.000
213147.938	521323.644	0.000
213147.955	521323.546	0.000
213147.972	521323.447	0.000
213147.988	521323.349	0.000
213148.005	521323.250	0.000
213148.022	521323.152	0.000
213148.039	521323.053	0.000
213148.056	521322.954	0.000
213148.073	521322.856	0.000
213148.090	521322.757	0.000
213148.107	521322.659	0.000
213148.124	521322.560	0.000
213148.141	521322.462	0.000
213148.158	521322.363	0.000
213148.175	521322.265	0.000
213148.192	521322.166	0.000
213148.209	521322.067	0.000
213148.226	521321.969	0.000
213148.243	521321.870	0.000
213148.260	521321.772	0.000
213148.277	521321.673	0.000
213148.294	521321.575	0.000
213148.311	521321.476	0.000
213148.328	521321.378	0.000
213148.345	521321.279	0.000
213148.362	521321.181	0.000
213148.379	521321.082	0.000
213148.396	521320.983	0.000
213148.413	521320.885	0.000
213148.430	521320.786	0.000
213148.447	521320.688	0.000
213148.464	521320.589	0.000
213148.480	521320.491	0.000
213148.497	521320.392	0.000
213148.514	521320.294	0.000
213148.531	521320.195	0.000
213148.548	521320.097	0.000
213148.565	521319.998	0.000
213148.582	521319.899	0.000
213148.599	521319.801	0.000
213148.616	521319.702	0.000
213148.633	521319.604	0.000
213148.650	521319.505	0.000
213148.667	521319.407	0.000
213148.684	521319.308	0.000
213148.701	521319.210	0.000
213148.718	521319.111	0.000
213148.735	521319.013	0.000
213148.752	521318.914	0.000
213148.769	521318.815	0.000
213148.786	521318.717	0.000
213148.803	521318.618	0.000
213148.820	521318.520	0.000
213148.837	521318.421	0.000
213148.854	521318.323	0.000
213148.871	521318.224	0.000
213148.888	521318.126	0.000
213148.905	521318.027	0.000
213148.922	521317.929	0.000
213148.939	521317.830	0.000
213148.955	521317.731	0.000
213148.972	521317.633	0.000
213148.989	521317.534	0.000
213149.006	521317.436	0.000
213149.023	521317.337	0.000
213149.040	521317.239	0.000
213149.057	521317.140	0.000
213149.074	521317.042	0.000
213149.091	521316.943	0.000
213149.108	521316.844	0.000
213149.125	521316.746	0.000
213149.142	521316.647	0.000
213149.159	521316.549	0.000
213149.176	521316.450	0.000
213149.193	521316.352	0.000
213149.210	521316.253	0.000
213149.227	521316.155	0.000
213149.244	521316.056	0.000
213149.261	521315.958	0.000
213149.278	521315.859	0.000
213149.295	521315.760	0.000
213149.312	521315.662	0.000
213149.329	521315.563	0.000
213149.346	521315.465	0.000
213149.363	521315.366	0.000
213149.380	521315.268	0.000
213149.397	521315.169	0.000
213149.414	521315.071	0.000
213149.431	521314.972	0.000
213149.447	521314.874	0.000
213149.464	521314.775	0.000
213149.481	521314.676	0.000
213149.498	521314.578	0.000
213149.515	521314.479	0.000
213149.532	521314.381	0.000
213149.549	521314.282	0.000
213149.566	521314.184	0.000
213149.583	521314.085	0.000
213149.600	521313.987	0.000
213149.617	521313.888	0.000
213149.634	521313.790	0.000
213149.651	521313.691	0.000
213149.668	521313.592	0.000
213149.685	521313.494	0.000
213149.702	521313.395	0.000
213149.719	521313.297	0.000
213149.736	521313.198	0.000
213149.753	521313.100	0.000
213149.770	521313.001	0.000
213149.787	521312.903	0.000
213149.804	521312.804	0.000
213149.821	521312.706	0.000
213149.838	521312.607	0.000
213149.855	521312.508	0.000
213149.872	521312.410	0.000
213149.889	521312.311	0.000
213149.906	521312.213	0.000
213149.922	521312.114	0.000
213149.939	521312.016	0.000
213149.956	521311.917	0.000
213149.973	521311.819	0.000
213149.990	521311.720	0.000
213150.007	521311.621	0.000
213150.024	521311.523	0.000
213150.041	521311.424	0.000
213150.058	521311.326	0.000
213150.075	521311.227	0.000
213150.092	521311.129	0.000
213150.109	521311.030	0.000
213150.126	521310.932	0.000
213150.143	521310.833	0.000
213150.160	521310.735	0.000
213150.177	521310.636	0.000
213150.194	521310.537	0.000
213150.211	521310.439	0.000
213150.228	521310.340	0.000
213150.245	521310.242	0.000
213150.262	521310.143	0.000
213150.279	521310.045	0.000
213150.296	521309.946	0.000
213150.313	521309.848	0.000
213150.330	521309.749	0.000
213150.347	521309.651	0.000
213150.364	521309.552	0.000
213150.381	521309.453	0.000
213150.398	521309.355	0.000
213150.414	521309.256	0.000
213150.431	521309.158	0.000
213150.448	521309.059	0.000
213150.465	521308.961	0.000
213150.482	521308.862	0.000
213150.499	521308.764	0.000
213150.516	521308.665	0.000
213150.533	521308.567	0.000
213150.550	521308.468	0.000
213150.567	521308.369	0.000
213150.584	521308.271	0.000
213150.601	521308.172	0.000
213150.618	521308.074	0.000
213150.635	521307.975	0.000
213150.652	521307.877	0.000
213150.669	521307.778	0.000
213150.686	521307.680	0.000
213150.703	521307.581	0.000
213150.720	521307.483	0.000
213150.737	521307.384	0.000
213150.754	521307.285	0.000
213150.771	521307.187	0.000
213150.788	521307.088	0.000
213150.805	521306.990	0.000
213150.822	521306.891	0.000
213150.839	521306.793	0.000
213150.856	521306.694	0.000
213150.873	521306.596	0.000
213150.889	521306.497	0.000
213150.906	521306.398	0.000
213150.923	521306.300	0.000
213150.940	521306.201	0.000
213150.957	521306.103	0.000
213150.974	521306.004	0.000
213150.991	521305.906	0.000
213151.008	521305.807	0.000
213151.025	521305.709	0.000
213151.042	521305.610	0.000
213151.059	521305.512	0.000
213151.076	521305.413	0.000
213151.093	521305.314	0.000
213151.110	521305.216	0.000
213151.127	521305.117	0.000
213151.144	521305.019	0.000
213151.161	521304.920	0.000
213151.178	521304.822	0.000
213151.195	521304.723	0.000
213151.212	521304.625	0.000
213151.229	521304.526	0.000
213151.246	521304.428	0.000
213151.263	521304.329	0.000
213151.280	521304.230	0.000
213151.297	521304.132	0.000
213151.314	521304.033	0.000
213151.331	521303.935	0.000
213151.348	521303.836	0.000
213151.364	521303.738	0.000
213151.381	521303.639	0.000
213151.398	521303.541	0.000
213151.415	521303.442	0.000
213151.432	521303.344	0.000
213151.449	521303.245	0.000
213151.466	521303.146	0.000
213151.483	521303.048	0.000
213151.500	521302.949	0.000
213151.517	521302.851	0.000
213151.534	521302.752	0.000
213151.551	521302.654	0.000
213151.568	521302.555	0.000
213151.585	521302.457	0.000
213151.602	521302.358	0.000
213151.619	521302.260	0.000
213151.636	521302.161	0.000
213151.653	521302.062	0.000
213151.670	521301.964	0.000
213151.687	521301.865	0.000
213151.704	521301.767	0.000
213151.721	521301.668	0.000
213151.738	521301.570	0.000
213151.755	521301.471	0.000
213151.772	521301.373	0.000
213151.789	521301.274	0.000
213151.806	521301.175	0.000
213151.823	521301.077	0.000
213151.840	521300.978	0.000
213151.856	521300.880	0.000
213151.873	521300.781	0.000
213151.890	521300.683	0.000
213151.906	521300.584	0.000
213151.923	521300.486	0.000
213151.939	521300.387	0.000
213151.955	521300.289	0.000
213151.972	521300.190	0.000
213151.988	521300.092	0.000
213152.005	521299.993	0.000
213152.021	521299.895	0.000
213152.037	521299.796	0.000
213152.054	521299.697	0.000
213152.070	521299.599	0.000
213152.087	521299.500	0.000
213152.103	521299.402	0.000
213152.120	521299.303	0.000
213152.136	521299.205	0.000
213152.152	521299.106	0.000
213152.169	521299.008	0.000
213152.185	521298.909	0.000
213152.202	521298.811	0.000
213152.218	521298.712	0.000
213152.234	521298.614	0.000
213152.251	521298.515	0.000
213152.267	521298.417	0.000
213152.284	521298.318	0.000
213152.300	521298.220	0.000
213152.316	521298.121	0.000
213152.333	521298.022	0.000
213152.349	521297.924	0.000
213152.366	521297.825	0.000
213152.382	521297.727	0.000
213152.398	521297.628	0.000
213152.415	521297.530	0.000
213152.431	521297.431	0.000
213152.448	521297.333	0.000
213152.464	521297.234	0.000
213152.480	521297.136	0.000
213152.497	521297.037	0.000
213152.513	521296.939	0.000
213152.530	521296.840	0.000
213152.546	521296.742	0.000
213152.562	521296.643	0.000
213152.579	521296.545	0.000
213152.595	521296.446	0.000
213152.612	521296.347	0.000
213152.628	521296.249	0.000
213152.644	521296.150	0.000
213152.661	521296.052	0.000
213152.677	521295.953	0.000
213152.694	521295.855	0.000
213152.710	521295.756	0.000
213152.726	521295.658	0.000
213152.743	521295.559	0.000
213152.759	521295.461	0.000
213152.776	521295.362	0.000
213152.792	521295.264	0.000
213152.808	521295.165	0.000
213152.825	521295.067	0.000
213152.841	521294.968	0.000
213152.858	521294.870	0.000
213152.874	521294.771	0.000
213152.891	521294.672	0.000
213152.907	521294.574	0.000
213152.923	521294.475	0.000
213152.940	521294.377	0.000
213152.956	521294.278	0.000
213152.973	521294.180	0.000
213152.989	521294.081	0.000
213153.005	521293.983	0.000
213153.022	521293.884	0.000
213153.038	521293.786	0.000
213153.055	521293.687	0.000
213153.071	521293.589	0.000
213153.087	521293.490	0.000
213153.104	521293.392	0.000
213153.120	521293.293	0.000
213153.137	521293.195	0.000
213153.153	521293.096	0.000
213153.169	521292.997	0.000
213153.186	521292.899	0.000
213153.202	521292.800	0.000
213153.219	521292.702	0.000
213153.235	521292.603	0.000
213153.251	521292.505	0.000
213153.268	521292.406	0.000
213153.284	521292.308	0.000
213153.301	521292.209	0.000
213153.317	521292.111	0.000
213153.333	521292.012	0.000
213153.350	521291.914	0.000
213153.366	521291.815	0.000
213153.383	521291.717	0.000
213153.399	521291.618	0.000
213153.415	521291.520	0.000
213153.432	521291.421	0.000
213153.448	521291.322	0.000
213153.465	521291.224	0.000
213153.481	521291.125	0.000
213153.497	521291.027	0.000
213153.514	521290.928	0.000
213153.530	521290.830	0.000
213153.547	521290.731	0.000
213153.563	521290.633	0.000
213153.579	521290.534	0.000
213153.596	521290.436	0.000
213153.612	521290.337	0.000
213153.629	521290.239	0.000
213153.645	521290.140	0.000
213153.662	521290.042	0.000
213153.678	521289.943	0.000
213153.694	521289.845	0.000
213153.711	521289.746	0.000
213153.727	521289.647	0.000
213153.744	521289.549	0.000
213153.760	521289.450	0.000
213153.776	521289.352	0.000
213153.793	521289.253	0.000
213153.809	521289.155	0.000
213153.826	521289.056	0.000
213153.842	521288.958	0.000
213153.858	521288.859	0.000
213153.875	521288.761	0.000
213153.891	521288.662	0.000
213153.908	521288.564	0.000
213153.924	521288.465	0.000
213153.940	521288.367	0.000
213153.957	521288.268	0.000
213153.973	521288.170	0.000
213153.990	521288.071	0.000
213154.006	521287.972	0.000
213154.022	521287.874	0.000
213154.039	521287.775	0.000
213154.055	521287.677	0.000
213154.072	521287.578	0.000
213154.088	521287.480	0.000
213154.104	521287.381	0.000
213154.121	521287.283	0.000
213154.137	521287.184	0.000
213154.154	521287.086	0.000
213154.170	521286.987	0.000
213154.186	521286.889	0.000
213154.203	521286.790	0.000
213154.219	521286.692	0.000
213154.236	521286.593	0.000
213154.252	521286.495	0.000
213154.268	521286.396	0.000
213154.285	521286.297	0.000
213154.301	521286.199	0.000
213154.318	521286.100	0.000
213154.334	521286.002	0.000
213154.350	521285.903	0.000
213154.367	521285.805	0.000
213154.383	521285.706	0.000
213154.400	521285.608	0.000
213154.416	521285.509	0.000
213154.433	521285.411	0.000
213154.449	521285.312	0.000
213154.465	521285.214	0.000
213154.482	521285.115	0.000
213154.498	521285.017	0.000
213154.515	521284.918	0.000
213154.531	521284.820	0.000
213154.547	521284.721	0.000
213154.564	521284.622	0.000
213154.580	521284.524	0.000
213154.597	521284.425	0.000
213154.613	521284.327	0.000
213154.629	521284.228	0.000
213154.646	521284.130	0.000
213154.662	521284.031	0.000
213154.679	521283.933	0.000
213154.695	521283.834	0.000
213154.711	521283.736	0.000
213154.728	521283.637	0.000
213154.744	521283.539	0.000
213154.761	521283.440	0.000
213154.777	521283.342	0.000
213154.793	521283.243	0.000
213154.810	521283.145	0.000
213154.826	521283.046	0.000
213154.843	521282.947	0.000
213154.859	521282.849	0.000
213154.875	521282.750	0.000
213154.892	521282.652	0.000
213154.908	521282.553	0.000
213154.925	521282.455	0.000
213154.941	521282.356	0.000
213154.957	521282.258	0.000
213154.974	521282.159	0.000
213154.990	521282.061	0.000
213155.007	521281.962	0.000
213155.023	521281.864	0.000
213155.039	521281.765	0.000
213155.056	521281.667	0.000
213155.072	521281.568	0.000
213155.089	521281.470	0.000
213155.105	521281.371	0.000
213155.121	521281.272	0.000
213155.138	521281.174	0.000
213155.154	521281.075	0.000
213155.171	521280.977	0.000
213155.187	521280.878	0.000
213155.204	521280.780	0.000
213155.220	521280.681	0.000
213155.236	521280.583	0.000
213155.253	521280.484	0.000
213155.269	521280.386	0.000
213155.286	521280.287	0.000
213155.302	521280.189	0.000
213155.318	521280.090	0.000
213155.335	521279.992	0.000
213155.351	521279.893	0.000
213155.368	521279.795	0.000
213155.384	521279.696	0.000
213155.400	521279.597	0.000
213155.417	521279.499	0.000
213155.433	521279.400	0.000
213155.450	521279.302	0.000
213155.466	521279.203	0.000
213155.482	521279.105	0.000
213155.499	521279.006	0.000
213155.515	521278.908	0.000
213155.532	521278.809	0.000
213155.548	521278.711	0.000
213155.564	521278.612	0.000
213155.581	521278.514	0.000
213155.597	521278.415	0.000
213155.614	521278.317	0.000
213155.630	521278.218	0.000
213155.646	521278.120	0.000
213155.663	521278.021	0.000
213155.679	521277.922	0.000
213155.696	521277.824	0.000
213155.712	521277.725	0.000
213155.728	521277.627	0.000
213155.745	521277.528	0.000
213155.761	521277.430	0.000
213155.778	521277.331	0.000
213155.794	521277.233	0.000
213155.810	521277.134	0.000
213155.827	521277.036	0.000
213155.843	521276.937	0.000
213155.860	521276.839	0.000
213155.876	521276.740	0.000
213155.892	521276.642	0.000
213155.909	521276.543	0.000
213155.925	521276.445	0.000
213155.942	521276.346	0.000
213155.958	521276.247	0.000
213155.975	521276.149	0.000
213155.991	521276.050	0.000
213156.007	521275.952	0.000
213156.024	521275.853	0.000
213156.040	521275.755	0.000
213156.057	521275.656	0.000
213156.073	521275.558	0.000
213156.089	521275.459	0.000
213156.106	521275.361	0.000
213156.122	521275.262	0.000
213156.139	521275.164	0.000
213156.155	521275.065	0.000
213156.171	521274.967	0.000
213156.188	521274.868	0.000
213156.204	521274.770	0.000
213156.221	521274.671	0.000
213156.237	521274.572	0.000
213156.253	521274.474	0.000
213156.270	521274.375	0.000
213156.286	521274.277	0.000
213156.303	521274.178	0.000
213156.319	521274.080	0.000
213156.335	521273.981	0.000
213156.352	521273.883	0.000
213156.368	521273.784	0.000
213156.385	521273.686	0.000
213156.401	521273.587	0.000
213156.417	521273.489	0.000
213156.434	521273.390	0.000
213156.450	521273.292	0.000
213156.467	521273.193	0.000
213156.483	521273.095	0.000
213156.499	521272.996	0.000
213156.516	521272.897	0.000
213156.532	521272.799	0.000
213156.549	521272.700	0.000
213156.565	521272.602	0.000
213156.581	521272.503	0.000
213156.598	521272.405	0.000
213156.614	521272.306	0.000
213156.631	521272.208	0.000
213156.647	521272.109	0.000
213156.663	521272.011	0.000
213156.680	521271.912	0.000
213156.696	521271.814	0.000
213156.713	521271.715	0.000
213156.729	521271.617	0.000
213156.746	521271.518	0.000
213156.762	521271.420	0.000
213156.778	521271.321	0.000
213156.795	521271.222	0.000
213156.811	521271.124	0.000
213156.828	521271.025	0.000
213156.844	521270.927	0.000
213156.860	521270.828	0.000
213156.877	521270.730	0.000
213156.893	521270.631	0.000
213156.910	521270.533	0.000
213156.926	521270.434	0.000
213156.942	521270.336	0.000
213156.959	521270.237	0.000
213156.975	521270.139	0.000
213156.992	521270.040	0.000
213157.008	521269.942	0.000
213157.024	521269.843	0.000
213157.041	521269.745	0.000
213157.057	521269.646	0.000
213157.074	521269.547	0.000
213157.090	521269.449	0.000
213157.106	521269.350	0.000
213157.123	521269.252	0.000
213157.139	521269.153	0.000
213157.156	521269.055	0.000
213157.161	521268.955	0.000
213157.167	521268.855	0.000
213157.173	521268.756	0.000
213157.179	521268.656	0.000
213157.184	521268.556	0.000
213157.190	521268.457	0.000
213157.196	521268.357	0.000
213157.201	521268.257	0.000
213157.207	521268.157	0.000
213157.213	521268.058	0.000
213157.219	521267.958	0.000
213157.224	521267.858	0.000
213157.230	521267.759	0.000
213157.236	521267.659	0.000
213157.241	521267.559	0.000
213157.247	521267.460	0.000
213157.253	521267.360	0.000
213157.259	521267.260	0.000
213157.264	521267.160	0.000
213157.270	521267.061	0.000
213157.276	521266.961	0.000
213157.281	521266.861	0.000
213157.287	521266.762	0.000
213157.293	521266.662	0.000
213157.299	521266.562	0.000
213157.304	521266.462	0.000
213157.310	521266.363	0.000
213157.316	521266.263	0.000
213157.321	521266.163	0.000
213157.327	521266.064	0.000
213157.333	521265.964	0.000
213157.339	521265.864	0.000
213157.344	521265.764	0.000
213157.350	521265.665	0.000
213157.356	521265.565	0.000
213157.362	521265.465	0.000
213157.367	521265.366	0.000
213157.373	521265.266	0.000
213157.379	521265.166	0.000
213157.384	521265.067	0.000
213157.390	521264.967	0.000
213157.396	521264.867	0.000
213157.402	521264.767	0.000
213157.407	521264.668	0.000
213157.413	521264.568	0.000
213157.419	521264.468	0.000
213157.424	521264.369	0.000
213157.430	521264.269	0.000
213157.436	521264.169	0.000
213157.442	521264.069	0.000
213157.447	521263.970	0.000
213157.453	521263.870	0.000
213157.459	521263.770	0.000
213157.464	521263.671	0.000
213157.470	521263.571	0.000
213157.476	521263.471	0.000
213157.482	521263.371	0.000
213157.487	521263.272	0.000
213157.493	521263.172	0.000
213157.499	521263.072	0.000
213157.505	521262.973	0.000
213157.510	521262.873	0.000
213157.516	521262.773	0.000
213157.522	521262.674	0.000
213157.527	521262.574	0.000
213157.533	521262.474	0.000
213157.539	521262.374	0.000
213157.545	521262.275	0.000
213157.550	521262.175	0.000
213157.556	521262.075	0.000
213157.562	521261.976	0.000
213157.567	521261.876	0.000
213157.573	521261.776	0.000
213157.579	521261.676	0.000
213157.585	521261.577	0.000
213157.590	521261.477	0.000
213157.596	521261.377	0.000
213157.602	521261.278	0.000
213157.607	521261.178	0.000
213157.613	521261.078	0.000
213157.619	521260.978	0.000
213157.625	521260.879	0.000
213157.630	521260.779	0.000
213157.636	521260.679	0.000
213157.642	521260.580	0.000
213157.648	521260.480	0.000
213157.653	521260.380	0.000
213157.659	521260.281	0.000
213157.665	521260.181	0.000
213157.670	521260.081	0.000
213157.676	521259.981	0.000
213157.682	521259.882	0.000
213157.688	521259.782	0.000
213157.693	521259.682	0.000
213157.699	521259.583	0.000
213157.705	521259.483	0.000
213157.710	521259.383	0.000
213157.716	521259.283	0.000
213157.722	521259.184	0.000
213157.728	521259.084	0.000
213157.733	521258.984	0.000
213157.739	521258.885	0.000
213157.745	521258.785	0.000
213157.750	521258.685	0.000
213157.756	521258.586	0.000
213157.762	521258.486	0.000
213157.768	521258.386	0.000
213157.773	521258.286	0.000
213157.779	521258.187	0.000
213157.785	521258.087	0.000
213157.791	521257.987	0.000
213157.796	521257.888	0.000
213157.802	521257.788	0.000
213157.808	521257.688	0.000
213157.813	521257.588	0.000
213157.819	521257.489	0.000
213157.825	521257.389	0.000
213157.831	521257.289	0.000
213157.836	521257.190	0.000
213157.842	521257.090	0.000
213157.848	521256.990	0.000
213157.853	521256.890	0.000
213157.859	521256.791	0.000
213157.865	521256.691	0.000
213157.871	521256.591	0.000
213157.876	521256.492	0.000
213157.882	521256.392	0.000
213157.888	521256.292	0.000
213157.893	521256.193	0.000
213157.899	521256.093	0.000
213157.905	521255.993	0.000
213157.911	521255.893	0.000
213157.916	521255.794	0.000
213157.922	521255.694	0.000
213157.928	521255.594	0.000
213157.934	521255.495	0.000
213157.939	521255.395	0.000
213157.945	521255.295	0.000
213157.951	521255.195	0.000
213157.956	521255.096	0.000
213157.962	521254.996	0.000
213157.968	521254.896	0.000
213157.974	521254.797	0.000
213157.979	521254.697	0.000
213157.985	521254.597	0.000
213157.991	521254.497	0.000
213157.996	521254.398	0.000
213158.002	521254.298	0.000
213158.008	521254.198	0.000
213158.014	521254.099	0.000
213158.019	521253.999	0.000
213158.025	521253.899	0.000
213158.031	521253.800	0.000
213158.036	521253.700	0.000
213158.042	521253.600	0.000
213158.048	521253.500	0.000
213158.054	521253.401	0.000
213158.059	521253.301	0.000
213158.065	521253.201	0.000
213158.071	521253.102	0.000
213158.077	521253.002	0.000
213158.082	521252.902	0.000
213158.088	521252.802	0.000
213158.094	521252.703	0.000
213158.099	521252.603	0.000
213158.105	521252.503	0.000
213158.111	521252.404	0.000
213158.117	521252.304	0.000
213158.122	521252.204	0.000
213158.128	521252.105	0.000
